function dy=dydtwang(a,b,c,d)
         dy=[1.27049e-008*c-1.27049e-008*d*b(1)-0.006493753*b(1)+7.37926e-007*b(2), 0.521022719*b(1)-5.92071e-005*b(2)-1.90943e-005*b(2)];
end